    unsorted:	 246.7401105 246.7401105 246.7401140 246.7387743 266.0105304 266.7832145 268.4806228 272.1264262 256.5305855 293.7162706 287.9199205 320.4145756 317.2203633 335.5514847 356.3072024 397.1274696 416.5190772 441.5631730 448.9729000 511.5409789 527.3634876 638.3855375 623.0116280 727.0405560 853.6239454 1053.564724 1283.656173 1949.102881 1845.310108 2085.026488 2787.967775 3267.096975 4098.722722 5457.637801 5141.688346 6375.283212 6105.259223 6644.375660 6989.411808 7607.384076 8186.981895 8358.378974 8923.485237 9445.712401 9866.036538 10291.97900 10574.77007 11680.68729 12841.76894 13426.30373 13628.37801 15003.55331 17695.93798 18409.96164 19310.09850 19785.40172 20275.09278 21703.19479 24131.35084 25496.53608 27620.77391 29005.42986 29948.97674 31974.49289 34151.65133 35351.60320 35969.30434 38962.75721 40967.01894 43138.36134 50180.11332 52521.10965 66508.15099 72254.14414 90711.41049 121831.5688 3403391.147
      sorted:	 246.7387743 246.7401105 246.7401105 246.7401140 256.5305855 266.0105304 266.7832145 268.4806228 272.1264262 287.9199205 293.7162706 317.2203633 320.4145756 335.5514847 356.3072024 397.1274696 416.5190772 441.5631730 448.9729000 511.5409789 527.3634876 623.0116280 638.3855375 727.0405560 853.6239454 1053.564724 1283.656173 1845.310108 1949.102881 2085.026488 2787.967775 3267.096975 4098.722722 5141.688346 5457.637801 6105.259223 6375.283212 6644.375660 6989.411808 7607.384076 8186.981895 8358.378974 8923.485237 9445.712401 9866.036538 10291.97900 10574.77007 11680.68729 12841.76894 13426.30373 13628.37801 15003.55331 17695.93798 18409.96164 19310.09850 19785.40172 20275.09278 21703.19479 24131.35084 25496.53608 27620.77391 29005.42986 29948.97674 31974.49289 34151.65133 35351.60320 35969.30434 38962.75721 40967.01894 43138.36134 50180.11332 52521.10965 66508.15099 72254.14414 90711.41049 121831.5688 3403391.147
