    unsorted:	 266.2576666 265.1964227 262.3727839 260.3413416 282.3577912 290.7758791 317.3799599 312.2702167 332.1993030 349.9529065 357.6064861 391.2775457 439.3457466 0.1425318054 0.6142196340 1.255148933 155.5540566 87.23325701 8.863624386 502.9354722 522.9438485 611.3994170 649.9490584 758.9639710 805.3712046 821.8332377 909.9125040 983.5203977 1172.817190 1596.219473 2020.025958 2354.035378 2706.686455 3124.440211 3895.437991 5435.662704 5359.780036 5600.628104 4884.099759 5936.389287 6192.477114 6904.872697 7488.835035 8187.251362 8840.913385 9247.259697 9592.281792 9894.147978 10355.43360 10951.07533 11116.37686 12811.43446 12836.12857 13473.72612 13906.58246 14826.33873 15097.01476 17090.37622 17747.61764 18103.58744 18669.95289 19790.82651 20331.88640 22857.02468 24706.26241 26388.77522 26824.49937 29001.89968 29104.57802 30484.72187 32123.93437 34522.77700 35906.51098 38595.38058 40834.81651 42089.62374 43166.07793 49373.91325 52320.37579 52931.01707 65162.94562 69368.88882 72172.44995 94781.51153 172684.2824 556064.8681 1464420.028 4462862.610 40985120.44
      sorted:	 0.1425318054 0.6142196340 1.255148933 8.863624386 87.23325701 155.5540566 260.3413416 262.3727839 265.1964227 266.2576666 282.3577912 290.7758791 312.2702167 317.3799599 332.1993030 349.9529065 357.6064861 391.2775457 439.3457466 502.9354722 522.9438485 611.3994170 649.9490584 758.9639710 805.3712046 821.8332377 909.9125040 983.5203977 1172.817190 1596.219473 2020.025958 2354.035378 2706.686455 3124.440211 3895.437991 4884.099759 5359.780036 5435.662704 5600.628104 5936.389287 6192.477114 6904.872697 7488.835035 8187.251362 8840.913385 9247.259697 9592.281792 9894.147978 10355.43360 10951.07533 11116.37686 12811.43446 12836.12857 13473.72612 13906.58246 14826.33873 15097.01476 17090.37622 17747.61764 18103.58744 18669.95289 19790.82651 20331.88640 22857.02468 24706.26241 26388.77522 26824.49937 29001.89968 29104.57802 30484.72187 32123.93437 34522.77700 35906.51098 38595.38058 40834.81651 42089.62374 43166.07793 49373.91325 52320.37579 52931.01707 65162.94562 69368.88882 72172.44995 94781.51153 172684.2824 556064.8681 1464420.028 4462862.610 40985120.44
