    unsorted:	 0.004934943196 0.004977323825 0.005433989159 0.05191192488 0.05761180611 0.05958360332 0.06270556629 0.2187991813 7.706140863 67.18869805 82.30398560 159.6212035 219.0307692 292.2484847 401.4347426 684.6522393 1375.319533 2156.128498 3899.896731 4019.476793 19503.35925 22024.17822 25153.62424 37944.39179 39657.32977 67038.44827 183073.9976 343626.1825 663864.7635 789267.3112 777147.8856 7360020.309 11522792.45 17660050.51
      sorted:	 0.004934943196 0.004977323825 0.005433989159 0.05191192488 0.05761180611 0.05958360332 0.06270556629 0.2187991813 7.706140863 67.18869805 82.30398560 159.6212035 219.0307692 292.2484847 401.4347426 684.6522393 1375.319533 2156.128498 3899.896731 4019.476793 19503.35925 22024.17822 25153.62424 37944.39179 39657.32977 67038.44827 183073.9976 343626.1825 663864.7635 777147.8856 789267.3112 7360020.309 11522792.45 17660050.51
