    unsorted:	 0.03928776806 0.07200163442 0.7855949985 0.2822364148 0.004918452263 1.664494743 15.56530799 182.6462270 190.7371550 175.1514911 172.7634749 201.1305210 212.9462764 220.8534664 223.0174669 224.4749467 148.6945315 145.0124858 241.1638038 100.5750958 47.18347865 274.5520751 317.8150095 361.1592198 428.2308965 505.6421343 548.5871865 564.7450025 685.9006319 737.0817593 917.5699290 900.9420385 1048.627783 1073.576181 1177.161422 1188.973048 1214.858156 1281.248655 1284.868037 1306.126032 1482.349380 1642.706881 1674.300027 1747.763638 1789.169959 1914.725600 1980.293117 2154.667615 2290.656471 2305.654002 2471.311534 2686.343699 2911.218854 3055.133719 3374.489119 3532.736029 3823.626593 4298.426667 4469.014366 4562.843057 5265.346452 5782.183678 6094.984354 6331.961670 6590.880556 6916.042428 7371.660843 7803.261763 8499.537989 8742.896794 9185.321959 9585.514393 10702.96165 10813.43002 11936.39138 12737.28291 19810.14727 23215.85287 24089.66819 70588.08243 249875.2486 349359.4895 548021.4233 3439748.819 9780208.335 13242258.99
      sorted:	 0.004918452263 0.03928776806 0.07200163442 0.2822364148 0.7855949985 1.664494743 15.56530799 47.18347865 100.5750958 145.0124858 148.6945315 172.7634749 175.1514911 182.6462270 190.7371550 201.1305210 212.9462764 220.8534664 223.0174669 224.4749467 241.1638038 274.5520751 317.8150095 361.1592198 428.2308965 505.6421343 548.5871865 564.7450025 685.9006319 737.0817593 900.9420385 917.5699290 1048.627783 1073.576181 1177.161422 1188.973048 1214.858156 1281.248655 1284.868037 1306.126032 1482.349380 1642.706881 1674.300027 1747.763638 1789.169959 1914.725600 1980.293117 2154.667615 2290.656471 2305.654002 2471.311534 2686.343699 2911.218854 3055.133719 3374.489119 3532.736029 3823.626593 4298.426667 4469.014366 4562.843057 5265.346452 5782.183678 6094.984354 6331.961670 6590.880556 6916.042428 7371.660843 7803.261763 8499.537989 8742.896794 9185.321959 9585.514393 10702.96165 10813.43002 11936.39138 12737.28291 19810.14727 23215.85287 24089.66819 70588.08243 249875.2486 349359.4895 548021.4233 3439748.819 9780208.335 13242258.99
