    unsorted:	 184.2249680 174.4094814 176.8081418 192.2939923 202.5849794 214.2681476 222.0181258 223.8767361 225.5572657 150.4657887 146.7362763 242.6300038 101.7275807 98.52778918 276.4105325 1.061274056 0.7916789129 0.1488009420 0.4206260057 10.90918070 17.93337049 47.72460098 321.5237886 372.4345202 431.7374475 507.1187379 548.2816250 566.6268203 637.6009220 736.7747514 787.1079711 920.0281214 902.7607138 1051.169311 1075.958356 1178.561323 1177.398359 1193.440629 1221.506096 1282.371471 1285.535415 1475.607085 1646.485597 1679.697774 1749.805844 1790.853609 1914.954383 1978.931291 2145.236073 2215.572603 2296.636454 2337.219959 2547.752813 2688.891959 2937.077036 3059.695439 3396.141700 3544.060524 3825.988015 4302.536803 4476.658262 4590.712870 5270.832758 5159.343640 5805.849769 6123.011222 6336.250667 6620.801731 6917.704386 7375.716154 7822.889797 8519.516214 8767.526235 9202.285099 9594.035685 10737.44650 10841.87648 11964.56345 12759.38191 19813.95899 21350.62794 23315.00229 70674.43838 250907.6304 350028.2812 548909.9963 3595731.887 9828547.838 13278654.10
      sorted:	 0.1488009420 0.4206260057 0.7916789129 1.061274056 10.90918070 17.93337049 47.72460098 98.52778918 101.7275807 146.7362763 150.4657887 174.4094814 176.8081418 184.2249680 192.2939923 202.5849794 214.2681476 222.0181258 223.8767361 225.5572657 242.6300038 276.4105325 321.5237886 372.4345202 431.7374475 507.1187379 548.2816250 566.6268203 637.6009220 736.7747514 787.1079711 902.7607138 920.0281214 1051.169311 1075.958356 1177.398359 1178.561323 1193.440629 1221.506096 1282.371471 1285.535415 1475.607085 1646.485597 1679.697774 1749.805844 1790.853609 1914.954383 1978.931291 2145.236073 2215.572603 2296.636454 2337.219959 2547.752813 2688.891959 2937.077036 3059.695439 3396.141700 3544.060524 3825.988015 4302.536803 4476.658262 4590.712870 5159.343640 5270.832758 5805.849769 6123.011222 6336.250667 6620.801731 6917.704386 7375.716154 7822.889797 8519.516214 8767.526235 9202.285099 9594.035685 10737.44650 10841.87648 11964.56345 12759.38191 19813.95899 21350.62794 23315.00229 70674.43838 250907.6304 350028.2812 548909.9963 3595731.887 9828547.838 13278654.10
