    unsorted:	 0.2378380197 0.1437851775 0.2478562705 0.7917778948 1.061331886 0.004925787457 10.88866343 176.7898683 184.1938761 174.3755021 192.2674260 202.5567876 214.2395148 221.9883029 223.8429531 225.5272964 150.4550575 146.7123430 242.6098177 101.7277024 98.51907930 47.72279162 276.3988459 321.5378735 372.5495908 431.7356732 507.1599337 548.2167336 566.6122210 638.3933191 736.8201233 788.9250356 920.0416537 902.7372268 1051.200338 1075.920757 1177.132952 1178.560812 1193.481386 1221.570628 1282.349430 1285.523969 1475.061400 1646.462034 1679.691287 1749.796495 1790.859396 1914.975515 1978.935944 2145.379016 2215.911882 2296.627255 2337.311378 2547.863479 2688.879370 2937.170557 3059.703197 3396.186047 3544.082561 3826.026868 4302.577272 4476.723498 4590.956648 5270.981920 5806.042812 6336.238493 6123.932547 6621.216525 6917.643119 7375.724689 7823.415949 8519.911242 8768.689894 9202.158127 9593.954775 10738.15665 10838.40770 11946.85775 12758.37749 19814.01026 21353.22718 23314.57160 70681.17971 250856.4405 350014.3968 548887.8681 3602555.350 9835894.358 13282040.34
      sorted:	 0.004925787457 0.1437851775 0.2378380197 0.2478562705 0.7917778948 1.061331886 10.88866343 47.72279162 98.51907930 101.7277024 146.7123430 150.4550575 174.3755021 176.7898683 184.1938761 192.2674260 202.5567876 214.2395148 221.9883029 223.8429531 225.5272964 242.6098177 276.3988459 321.5378735 372.5495908 431.7356732 507.1599337 548.2167336 566.6122210 638.3933191 736.8201233 788.9250356 902.7372268 920.0416537 1051.200338 1075.920757 1177.132952 1178.560812 1193.481386 1221.570628 1282.349430 1285.523969 1475.061400 1646.462034 1679.691287 1749.796495 1790.859396 1914.975515 1978.935944 2145.379016 2215.911882 2296.627255 2337.311378 2547.863479 2688.879370 2937.170557 3059.703197 3396.186047 3544.082561 3826.026868 4302.577272 4476.723498 4590.956648 5270.981920 5806.042812 6123.932547 6336.238493 6621.216525 6917.643119 7375.724689 7823.415949 8519.911242 8768.689894 9202.158127 9593.954775 10738.15665 10838.40770 11946.85775 12758.37749 19814.01026 21353.22718 23314.57160 70681.17971 250856.4405 350014.3968 548887.8681 3602555.350 9835894.358 13282040.34
