    unsorted:	 0.2375877099 0.2972305444 0.2481303251 0.7952473790 1.019806885 0.004925551106 10.61664427 221.4907296 223.3413440 225.0283785 213.7325023 202.0351487 191.7439715 183.6413826 176.2963920 173.7899429 149.9698384 146.1704551 242.0587173 101.7763904 98.62240946 47.65585400 275.5398433 318.1215266 359.8168329 429.0469820 507.0875404 548.1114958 565.9756940 638.8446898 736.2958256 791.9071285 919.3900429 901.8814992 1052.099459 1074.891920 1173.959742 1178.723076 1194.488468 1223.127967 1282.030395 1285.411684 1472.134437 1646.409491 1680.118808 1749.910927 1790.957738 1915.438686 1979.164212 2147.873808 2224.611619 2296.426357 2338.682995 2548.720615 2688.408811 2937.027252 3059.157486 3396.420899 3544.298871 3825.954356 4303.166794 4477.366354 4589.813883 5273.890324 5799.340923 6132.940811 6342.482478 6624.945454 6923.069280 7380.367024 7826.753036 8524.233765 8776.200623 9207.771829 9596.370591 10751.21326 10849.09937 11941.73539 12756.85709 19815.21515 21362.10749 23314.59828 70693.86088 250787.3645 349979.6385 548889.7242 3629177.434 9845104.473 13285651.38
      sorted:	 0.004925551106 0.2375877099 0.2481303251 0.2972305444 0.7952473790 1.019806885 10.61664427 47.65585400 98.62240946 101.7763904 146.1704551 149.9698384 173.7899429 176.2963920 183.6413826 191.7439715 202.0351487 213.7325023 221.4907296 223.3413440 225.0283785 242.0587173 275.5398433 318.1215266 359.8168329 429.0469820 507.0875404 548.1114958 565.9756940 638.8446898 736.2958256 791.9071285 901.8814992 919.3900429 1052.099459 1074.891920 1173.959742 1178.723076 1194.488468 1223.127967 1282.030395 1285.411684 1472.134437 1646.409491 1680.118808 1749.910927 1790.957738 1915.438686 1979.164212 2147.873808 2224.611619 2296.426357 2338.682995 2548.720615 2688.408811 2937.027252 3059.157486 3396.420899 3544.298871 3825.954356 4303.166794 4477.366354 4589.813883 5273.890324 5799.340923 6132.940811 6342.482478 6624.945454 6923.069280 7380.367024 7826.753036 8524.233765 8776.200623 9207.771829 9596.370591 10751.21326 10849.09937 11941.73539 12756.85709 19815.21515 21362.10749 23314.59828 70693.86088 250787.3645 349979.6385 548889.7242 3629177.434 9845104.473 13285651.38
