    unsorted:	 221.5647540 223.3135175 225.0767818 213.8585253 202.1994367 191.9348687 183.8261466 173.9857600 176.5245678 242.1985174 150.2124923 146.3868319 275.6099392 100.5749496 0.03875919585 0.06910084155 0.7917792395 0.4360569281 16.10502875 47.50593300 317.2580497 357.2962082 428.9552876 506.0336123 548.2887253 566.3833483 637.6680888 736.6489127 790.1417771 921.1319707 902.5779848 1054.206769 1075.306861 1180.096448 1195.771241 1223.136013 1283.136333 1287.259756 1302.809307 1468.563251 1646.406800 1681.379285 1751.307216 1794.416213 1920.923895 1986.515928 2162.235880 2291.566823 2314.707472 2489.850140 2688.198458 2924.642733 3058.406852 3386.557123 3539.875526 3825.146072 4303.488201 4476.049820 4584.035102 5274.366780 5238.892829 5811.601872 6140.406577 6342.907489 6621.336880 6923.740329 7380.193848 7823.580619 8527.549009 8772.539037 9208.680333 9592.299719 10734.63123 10859.53593 11941.84457 12759.03325 19816.09561 23223.36885 24125.02487 70629.59277 250220.0354 349898.8452 548534.2287 3577122.829 9831003.579 13265286.44
      sorted:	 0.03875919585 0.06910084155 0.4360569281 0.7917792395 16.10502875 47.50593300 100.5749496 146.3868319 150.2124923 173.9857600 176.5245678 183.8261466 191.9348687 202.1994367 213.8585253 221.5647540 223.3135175 225.0767818 242.1985174 275.6099392 317.2580497 357.2962082 428.9552876 506.0336123 548.2887253 566.3833483 637.6680888 736.6489127 790.1417771 902.5779848 921.1319707 1054.206769 1075.306861 1180.096448 1195.771241 1223.136013 1283.136333 1287.259756 1302.809307 1468.563251 1646.406800 1681.379285 1751.307216 1794.416213 1920.923895 1986.515928 2162.235880 2291.566823 2314.707472 2489.850140 2688.198458 2924.642733 3058.406852 3386.557123 3539.875526 3825.146072 4303.488201 4476.049820 4584.035102 5238.892829 5274.366780 5811.601872 6140.406577 6342.907489 6621.336880 6923.740329 7380.193848 7823.580619 8527.549009 8772.539037 9208.680333 9592.299719 10734.63123 10859.53593 11941.84457 12759.03325 19816.09561 23223.36885 24125.02487 70629.59277 250220.0354 349898.8452 548534.2287 3577122.829 9831003.579 13265286.44
