    unsorted:	 3818564.079 330.0915766
      sorted:	 330.0915766 3818564.079
