    unsorted:	 0.7889424542 1.076610226 0.03913155893 0.004950623545 3.068980576 12.47942119 17.26716756 172.5739140 174.9149948 182.4662143 190.5467813 200.9698181 212.8253146 220.7835428 223.0646571 224.4410477 148.4347973 144.7927211 241.0183720 101.8707404 99.40882135 47.32331172 274.4440755 318.4261588 363.9102434 428.4138711 506.5829785 548.4620432 564.3170086 681.0298352 736.4176940 915.7674037 900.2345760 1046.410811 1073.159455 1180.069349 1175.677434 1187.879198 1214.556372 1280.011943 1283.059906 1487.556240 1642.781675 1672.218009 1745.781202 1784.928280 1906.848739 1971.460733 2123.256433 2186.454804 2295.752622 2324.075383 2518.591637 2686.268180 2922.773079 3055.571221 3384.343727 3536.307090 3824.365338 4298.025113 4470.485697 4567.432258 5264.598628 5768.772622 6086.813020 6331.870795 6594.369369 6915.400518 7371.845068 7805.516446 8495.523733 8744.815358 9184.789184 9589.441002 10716.60737 10807.46153 11954.36124 12737.32311 16086.27952 19809.04651 21365.87568 23313.83083 70646.17987 250502.6755 349453.2945 548409.9671 3483563.901 9785688.671 13258892.43
      sorted:	 0.004950623545 0.03913155893 0.7889424542 1.076610226 3.068980576 12.47942119 17.26716756 47.32331172 99.40882135 101.8707404 144.7927211 148.4347973 172.5739140 174.9149948 182.4662143 190.5467813 200.9698181 212.8253146 220.7835428 223.0646571 224.4410477 241.0183720 274.4440755 318.4261588 363.9102434 428.4138711 506.5829785 548.4620432 564.3170086 681.0298352 736.4176940 900.2345760 915.7674037 1046.410811 1073.159455 1175.677434 1180.069349 1187.879198 1214.556372 1280.011943 1283.059906 1487.556240 1642.781675 1672.218009 1745.781202 1784.928280 1906.848739 1971.460733 2123.256433 2186.454804 2295.752622 2324.075383 2518.591637 2686.268180 2922.773079 3055.571221 3384.343727 3536.307090 3824.365338 4298.025113 4470.485697 4567.432258 5264.598628 5768.772622 6086.813020 6331.870795 6594.369369 6915.400518 7371.845068 7805.516446 8495.523733 8744.815358 9184.789184 9589.441002 10716.60737 10807.46153 11954.36124 12737.32311 16086.27952 19809.04651 21365.87568 23313.83083 70646.17987 250502.6755 349453.2945 548409.9671 3483563.901 9785688.671 13258892.43
