    unsorted:	 280.1488721 285.2830059 275.5380988 270.2462873 291.3485238 312.9629243 316.8326927 254.5808131 331.9312400 345.5034750 352.0054433 226.3642508 386.0208812 428.8784793 492.7295221 526.4751457 0.1395735888 0.08429195740 6.552982137 30.46401561 595.9732194 633.2654346 717.9768680 828.5792847 897.1921933 1003.253085 1174.038508 1619.755001 1998.975862 1903.082998 2253.242770 2966.944893 2678.133537 3106.330025 4090.764377 4901.243523 5262.092944 5435.449390 6308.203781 6398.841923 6682.894718 6949.485900 7490.917018 8168.509760 8842.001766 10662.72862 9437.667415 9851.199813 10657.15730 10239.77335 12388.82776 12579.50714 12944.55996 13480.03882 14501.90184 15005.15629 17741.30097 18637.68470 19779.05589 20097.01817 21879.24651 24337.19880 25730.97276 26863.93804 28341.36083 29503.26507 29969.54036 31778.00234 33209.40025 35865.89051 38096.52097 39836.52329 41158.66926 43176.45370 48005.02309 50229.36325 53099.75294 66649.82539 71499.50790 72433.15826 100683.6429 274838.6379 363207.5369 1130406.062 3167109.809 10138664.21 35622001.64 281005995.8 8.887863101e+10
      sorted:	 0.08429195740 0.1395735888 6.552982137 30.46401561 226.3642508 254.5808131 270.2462873 275.5380988 280.1488721 285.2830059 291.3485238 312.9629243 316.8326927 331.9312400 345.5034750 352.0054433 386.0208812 428.8784793 492.7295221 526.4751457 595.9732194 633.2654346 717.9768680 828.5792847 897.1921933 1003.253085 1174.038508 1619.755001 1903.082998 1998.975862 2253.242770 2678.133537 2966.944893 3106.330025 4090.764377 4901.243523 5262.092944 5435.449390 6308.203781 6398.841923 6682.894718 6949.485900 7490.917018 8168.509760 8842.001766 9437.667415 9851.199813 10239.77335 10657.15730 10662.72862 12388.82776 12579.50714 12944.55996 13480.03882 14501.90184 15005.15629 17741.30097 18637.68470 19779.05589 20097.01817 21879.24651 24337.19880 25730.97276 26863.93804 28341.36083 29503.26507 29969.54036 31778.00234 33209.40025 35865.89051 38096.52097 39836.52329 41158.66926 43176.45370 48005.02309 50229.36325 53099.75294 66649.82539 71499.50790 72433.15826 100683.6429 274838.6379 363207.5369 1130406.062 3167109.809 10138664.21 35622001.64 281005995.8 8.887863101e+10
